89  12	96	51	43	26	55	50	28	49	82	15	40	4	31	46	15	25	89	67
66	80	13	96	3	32	22	14	41	95	29	42	45	34	35	33	89	88	96	92
11	19	20	91	15	57	53	7	87	36	11	9	59	16	37	77	49	85	31	22
87	39	62	20	28	35	56	84	33	2	37	37	50	48	63	46	45	23	79	85
47	65	43	63	99	44	69	61	95	21	76	49	37	39	86	47	16	40	30	93
44	78	17	44	14	6	45	37	17	20	96	3	97	34	17	52	90	99	10	42
1	52	98	96	40	73	85	10	12	1	40	14	98	15	20	0	0	94	46	94
75	68	74	86	60	50	93	15	39	68	80	89	10	77	60	7	100	1	27	84
66	6	29	16	47	41	75	34	45	62	4	21	37	75	16	61	91	55	43	53
15	53	86	82	46	41	12	49	71	60	23	87	60	42	6	87	71	44	28	73
54	38	67	36	42	70	72	21	78	56	86	72	57	37	56	57	46	78	50	43
5	80	72	31	84	58	67	40	15	56	14	76	22	70	30	16	70	53	12	59
35	84	6	66	35	51	51	27	34	93	34	26	4	41	13	3	100	61	78	45
27	77	16	20	5	97	36	63	98	44	45	38	65	59	0	55	95	52	97	90
31	15	33	6	16	64	58	81	68	86	56	7	32	1	12	13	78	13	100	66
11	10	47	90	43	10	31	68	0	35	62	84	74	71	24	45	68	66	96	91
57	78	12	91	90	65	93	58	23	29	76	39	78	17	89	54	24	43	29	92
78	88	39	19	25	7	38	78	61	96	9	82	81	63	10	13	6	29	25	78
28	80	49	40	9	38	28	28	19	20	54	14	46	27	93	99	11	22	46	63
52	12	66	71	74	53	41	81	48	54	18	66	51	65	7	31	20	68	76	3
